0.2578
0.0781
0.0122
0.0117
0.2578
0.0784
0.0105
0.0117
0.2590
0.0781
0.0103
0.0117
0.2583
0.0781
0.0117
0.0103
0.2578
0.0781
0.0107
0.0117
0.2573
0.0781
0.0107
0.0110
0.2561
0.0771
0.0110
0.0117
0.2556
0.0771
0.0117
0.0115
0.2551
0.0771
0.0117
0.0117
0.2539
0.0762
0.0117
0.0103
0.2539
0.0764
0.0103
0.0103
0.2539
0.0754
0.0117
0.0110
0.2534
0.0754
0.0112
0.0112
0.2532
0.0750
0.0112
0.0093
0.2522
0.0747
0.0117
0.0107
0.2515
0.0747
0.0103
0.0117
0.2507
0.0742
0.0107
0.0107
0.2490
0.0742
0.0117
0.0100
0.2507
0.0742
0.0107
0.0100
0.2468
0.0742
0.0110
0.0110
0.2466
0.0742
0.0117
0.0103
0.2476
0.0735
0.0110
0.0103
0.2463
0.0742
0.0107
0.0098
0.2461
0.0728
0.0110
0.0103
0.2461
0.0735
0.0117
0.0103
0.2446
0.0732
0.0117
0.0090
0.2454
0.0728
0.0103
0.0100
0.2444
0.0718
0.0105
0.0098
0.2434
0.0728
0.0098
0.0083
0.2429
0.0718
0.0110
0.0098
0.2427
0.0718
0.0098
0.0093
0.2419
0.0715
0.0105
0.0093
0.2422
0.0708
0.0107
0.0088
0.2415
0.0708
0.0103
0.0088
0.2412
0.0706
0.0103
0.0093
0.2395
0.0713
0.0103
0.0098
0.2390
0.0703
0.0098
0.0088
0.2383
0.0703
0.0103
0.0083
0.2383
0.0703
0.0093
0.0090
0.2383
0.0698
0.0103
0.0085
0.2383
0.0693
0.0098
0.0078
0.2383
0.0693
0.0103
0.0078
0.2368
0.0696
0.0100
0.0078
0.2371
0.0688
0.0105
0.0090
0.2358
0.0684
0.0103
0.0088
0.2358
0.0679
0.0095
0.0083
0.2349
0.0674
0.0098
0.0085
0.2339
0.0679
0.0095
0.0078
0.2339
0.0679
0.0093
0.0083
0.2344
0.0674
0.0085
0.0083
0.2332
0.0671
0.0098
0.0078
0.2319
0.0669
0.0103
0.0083
0.2317
0.0664
0.0088
0.0078
0.2307
0.0664
0.0090
0.0078
0.2305
0.0664
0.0090
0.0083
0.2305
0.0664
0.0098
0.0081
0.2305
0.0664
0.0085
0.0081
0.2297
0.0664
0.0098
0.0083
0.2290
0.0659
0.0090
0.0078
0.2288
0.0647
0.0095
0.0078
0.2285
0.0664
0.0083
0.0078
0.2266
0.0645
0.0081
0.0078
0.2275
0.0649
0.0081
0.0078
0.2268
0.0654
0.0083
0.0078
0.2266
0.0645
0.0083
0.0078
0.2261
0.0645
0.0085
0.0078
0.2249
0.0642
0.0088
0.0078
0.2241
0.0637
0.0093
0.0073
0.2239
0.0645
0.0083
0.0078
0.2239
0.0630
0.0081
0.0073
0.2236
0.0637
0.0090
0.0078
0.2227
0.0630
0.0088
0.0078
0.2227
0.0625
0.0078
0.0068
0.2227
0.0627
0.0078
0.0073
0.2219
0.0625
0.0078
0.0078
0.2217
0.0625
0.0081
0.0068
0.2207
0.0625
0.0085
0.0068
0.2207
0.0625
0.0078
0.0063
0.2197
0.0625
0.0081
0.0066
0.2192
0.0625
0.0078
0.0068
0.2188
0.0610
0.0081
0.0063
0.2178
0.0625
0.0078
0.0068
0.2188
0.0610
0.0083
0.0054
0.2178
0.0601
0.0068
0.0063
0.2158
0.0605
0.0078
0.0068
0.2163
0.0605
0.0081
0.0063
0.2151
0.0596
0.0078
0.0063
0.2148
0.0596
0.0078
0.0078
0.2148
0.0596
0.0088
0.0068
0.2148
0.0598
0.0078
0.0059
0.2148
0.0596
0.0073
0.0063
0.2139
0.0586
0.0078
0.0059
0.2136
0.0591
0.0078
0.0063
0.2134
0.0586
0.0083
0.0063
0.2124
0.0588
0.0073
0.0059
0.2114
0.0586
0.0078
0.0059
0.2122
0.0586
0.0068
0.0063
0.2112
0.0586
0.0063
0.0063
0.2109
0.0586
0.0078
0.0059
0.2097
0.0586
0.0078
0.0059
0.2092
0.0574
0.0071
0.0061
0.2092
0.0586
0.0078
0.0059
0.2090
0.0581
0.0078
0.0059
0.2073
0.0576
0.0078
0.0054
0.2070
0.0576
0.0063
0.0054
0.2073
0.0579
0.0078
0.0051
0.2070
0.0571
0.0078
0.0049
0.2070
0.0562
0.0078
0.0051
0.2058
0.0566
0.0066
0.0044
0.2053
0.0566
0.0078
0.0046
0.2048
0.0571
0.0063
0.0051
0.2053
0.0559
0.0068
0.0044
0.2036
0.0557
0.0068
0.0051
0.2051
0.0562
0.0066
0.0054
0.2031
0.0549
0.0078
0.0049
0.2031
0.0557
0.0068
0.0049
0.2031
0.0557
0.0078
0.0046
0.2024
0.0554
0.0059
0.0046
0.2021
0.0549
0.0078
0.0042
0.2021
0.0547
0.0068
0.0044
0.2012
0.0547
0.0063
0.0044
0.2002
0.0549
0.0078
0.0042
0.1997
0.0547
0.0063
0.0042
0.1992
0.0547
0.0059
0.0044
0.1992
0.0547
0.0063
0.0044
0.1992
0.0547
0.0054
0.0039
0.1992
0.0535
0.0068
0.0046
0.1982
0.0547
0.0059
0.0049
0.1985
0.0532
0.0059
0.0044
0.1980
0.0525
0.0054
0.0049
0.1975
0.0532
0.0059
0.0039
0.1968
0.0532
0.0054
0.0039
0.1958
0.0520
0.0059
0.0044
0.1958
0.0532
0.0054
0.0039
0.1953
0.0522
0.0049
0.0039
0.1953
0.0520
0.0054
0.0039
0.1943
0.0515
0.0054
0.0039
0.1936
0.0520
0.0049
0.0039
0.1931
0.0515
0.0044
0.0039
0.1921
0.0515
0.0054
0.0039
0.1926
0.0515
0.0056
0.0039
0.1921
0.0513
0.0044
0.0039
0.1917
0.0513
0.0042
0.0044
0.1914
0.0508
0.0039
0.0039
0.1917
0.0508
0.0044
0.0039
0.1914
0.0508
0.0042
0.0039
0.1909
0.0508
0.0039
0.0039
0.1904
0.0508
0.0039
0.0039
0.1902
0.0508
0.0042
0.0039
0.1895
0.0508
0.0049
0.0039
0.1890
0.0508
0.0049
0.0039
0.1880
0.0508
0.0039
0.0039
0.1885
0.0498
0.0039
0.0039
0.1875
0.0500
0.0039
0.0039
0.1877
0.0503
0.0039
0.0039
0.1875
0.0496
0.0039
0.0039
0.1875
0.0503
0.0039
0.0039
0.1875
0.0488
0.0039
0.0039
0.1853
0.0488
0.0039
0.0032
0.1848
0.0503
0.0039
0.0039
0.1841
0.0488
0.0039
0.0039
0.1841
0.0488
0.0039
0.0039
0.1848
0.0488
0.0039
0.0039
0.1838
0.0486
0.0039
0.0024
0.1836
0.0481
0.0039
0.0024
0.1836
0.0481
0.0039
0.0037
0.1826
0.0483
0.0039
0.0039
0.1829
0.0479
0.0039
0.0039
0.1821
0.0479
0.0039
0.0032
0.1816
0.0476
0.0029
0.0034
0.1809
0.0474
0.0039
0.0039
0.1802
0.0474
0.0039
0.0029
0.1797
0.0469
0.0034
0.0027
0.1802
0.0469
0.0027
0.0032
0.1792
0.0471
0.0029
0.0039
0.1797
0.0469
0.0039
0.0027
0.1790
0.0469
0.0034
0.0032
0.1782
0.0469
0.0034
0.0029
0.1787
0.0469
0.0029
0.0024
0.1780
0.0469
0.0027
0.0034
0.1775
0.0459
0.0032
0.0020
0.1765
0.0469
0.0029
0.0020
0.1770
0.0459
0.0020
0.0027
0.1763
0.0464
0.0027
0.0024
0.1760
0.0457
0.0039
0.0022
0.1758
0.0459
0.0029
0.0027
0.1758
0.0454
0.0024
0.0029
0.1748
0.0452
0.0024
0.0024
0.1748
0.0454
0.0020
0.0024
0.1741
0.0439
0.0024
0.0020
0.1738
0.0452
0.0029
0.0024
0.1733
0.0449
0.0029
0.0017
0.1729
0.0444
0.0024
0.0015
0.1733
0.0442
0.0020
0.0020
0.1721
0.0449
0.0029
0.0024
0.1721
0.0444
0.0020
0.0020
0.1724
0.0439
0.0024
0.0024
0.1714
0.0442
0.0022
0.0020
0.1719
0.0435
0.0029
0.0024
0.1711
0.0442
0.0029
0.0024
0.1707
0.0435
0.0020
0.0024
0.1699
0.0430
0.0020
0.0022
0.1692
0.0430
0.0029
0.0020
0.1694
0.0435
0.0022
0.0015
0.1685
0.0432
0.0024
0.0017
0.1680
0.0432
0.0007
0.0020
0.1680
0.0430
0.0029
0.0015
0.1680
0.0430
0.0022
0.0012
0.1672
0.0430
0.0029
0.0020
0.1670
0.0430
0.0007
0.0020
0.1675
0.0430
0.0022
0.0015
0.1665
0.0430
0.0015
0.0015
0.1665
0.0420
0.0020
0.0020
0.1660
0.0430
0.0029
0.0015
0.1658
0.0415
0.0012
0.0010
0.1641
0.0425
0.0029
0.0020
0.1650
0.0430
0.0022
0.0020
0.1641
0.0420
0.0010
0.0010
0.1641
0.0425
0.0020
0.0012
0.1631
0.0420
0.0010
0.0010
0.1626
0.0420
0.0022
0.0007
0.1626
0.0417
0.0022
0.0020
0.1626
0.0415
0.0020
0.0012
0.1628
0.0415
0.0005
0.0010
0.1611
0.0415
0.0012
0.0010
0.1606
0.0413
0.0012
0.0020
0.1606
0.0410
0.0020
0.0007
0.1602
0.0410
0.0010
0.0010
0.1602
0.0405
0.0015
0.0010
0.1602
0.0410
0.0010
0.0010
0.1602
0.0405
0.0005
0.0010
0.1602
0.0403
0.0005
0.0005
0.1597
0.0403
0.0005
0.0010
0.1594
0.0410
0.0012
0.0007
0.1594
0.0400
0.0005
0.0007
0.1587
0.0396
0.0010
0.0010
0.1582
0.0393
0.0005
0.0010
0.1570
0.0400
0.0010
0.0007
0.1572
0.0393
0.0010
0.0010
0.1562
0.0398
0.0012
0.0015
0.1570
0.0393
0.0010
0.0002
0.1553
0.0391
0.0005
0.0005
0.1562
0.0393
0.0020
0.0005
0.1562
0.0396
0.0007
0.0002
0.1545
0.0391
0.0015
0.0007
0.1550
0.0391
0.0020
0.0005
0.1545
0.0391
0.0012
0.0010
0.1538
0.0391
0.0005
0.0005
0.1538
0.0391
0.0005
0.0005
0.1536
0.0383
0.0020
0.0005
0.1533
0.0386
0.0007
0.0000
0.1523
0.0381
0.0007
0.0005
0.1523
0.0383
0.0010
0.0005
0.1523
0.0391
0.0005
0.0005
0.1514
0.0376
0.0007
0.0000
0.1509
0.0374
0.0007
0.0000
0.1509
0.0376
0.0002
0.0007
0.1516
0.0378
0.0010
0.0005
0.1514
0.0371
0.0017
0.0002
0.1506
0.0366
0.0020
0.0002
0.1509
0.0371
0.0012
0.0000
0.1494
0.0371
0.0010
0.0002
0.1492
0.0364
0.0007
0.0007
0.1494
0.0364
0.0010
0.0000
0.1484
0.0361
0.0010
0.0005
0.1475
0.0364
0.0000
0.0005
0.1475
0.0364
0.0007
0.0002
0.1484
0.0359
0.0005
0.0000
0.1479
0.0361
0.0002
0.0000
0.1472
0.0361
0.0002
0.0000
0.1470
0.0361
0.0005
0.0000
0.1467
0.0354
0.0010
0.0000
0.1460
0.0356
0.0010
0.0000
0.1450
0.0354
0.0020
0.0000
0.1458
0.0356
0.0010
0.0000
0.1450
0.0354
0.0015
0.0000
0.1445
0.0352
0.0020
0.0000
0.1445
0.0352
0.0002
0.0000
0.1445
0.0352
0.0015
0.0000
0.1445
0.0352
0.0012
0.0000
0.1445
0.0352
0.0020
0.0000
0.1438
0.0352
0.0020
0.0000
0.1436
0.0352
0.0005
0.0000
0.1433
0.0352
0.0005
0.0000
0.1423
0.0352
0.0010
0.0000
0.1423
0.0352
0.0020
0.0000
0.1421
0.0352
0.0010
0.0000
0.1418
0.0342
0.0020
0.0000
0.1409
0.0347
0.0010
0.0000
0.1411
0.0352
0.0015
0.0000
0.1416
0.0352
0.0015
0.0000
0.1406
0.0339
0.0015
0.0002
0.1406
0.0347
0.0020
0.0000
0.1406
0.0352
0.0007
0.0000
0.1401
0.0352
0.0020
0.0000
0.1406
0.0337
0.0015
0.0000
0.1392
0.0344
0.0024
0.0000
0.1396
0.0334
0.0015
0.0000
0.1384
0.0332
0.0020
0.0000
0.1389
0.0342
0.0022
0.0000
0.1370
0.0337
0.0024
0.0000
0.1370
0.0342
0.0015
0.0000
0.1367
0.0339
0.0012
0.0000
0.1375
0.0337
0.0022
0.0000
0.1367
0.0332
0.0024
0.0000
0.1367
0.0327
0.0020
0.0000
0.1367
0.0332
0.0024
0.0000
0.1357
0.0337
0.0029
0.0000
0.1367
0.0332
0.0020
0.0000
0.1367
0.0327
0.0029
0.0000
0.1357
0.0334
0.0022
0.0000
0.1357
0.0322
0.0024
0.0000
0.1338
0.0327
0.0029
0.0000
0.1353
0.0322
0.0024
0.0000
0.1350
0.0327
0.0022
0.0000
0.1348
0.0325
0.0039
0.0000
0.1333
0.0322
0.0034
0.0000
0.1335
0.0325
0.0022
0.0000
0.1335
0.0322
0.0039
0.0000
0.1333
0.0322
0.0039
0.0000
0.1331
0.0315
0.0020
0.0000
0.1328
0.0322
0.0020
0.0000
0.1331
0.0320
0.0027
0.0000
0.1313
0.0312
0.0024
0.0000
0.1318
0.0312
0.0024
0.0000
0.1313
0.0315
0.0024
0.0000
0.1309
0.0320
0.0039
0.0029
0.1316
0.0312
0.0024
0.0000
0.1296
0.0312
0.0039
0.0000
0.1292
0.0312
0.0032
0.0000
0.1304
0.0312
0.0039
0.0000
0.1292
0.0312
0.0027
0.0000
0.1294
0.0312
0.0032
0.0000
0.1289
0.0312
0.0027
0.0000
0.1294
0.0312
0.0032
0.0000
0.1289
0.0312
0.0027
0.0000
0.1289
0.0312
0.0029
0.0000
0.1279
0.0312
0.0024
0.0000
0.1289
0.0312
0.0029
0.0000
0.1282
0.0312
0.0029
0.0000
0.1279
0.0312
0.0029
0.0000
0.1274
0.0312
0.0032
0.0000
0.1272
0.0312
0.0039
0.0000
0.1272
0.0312
0.0039
0.0000
0.1265
0.0312
0.0039
0.0000
0.1272
0.0298
0.0029
0.0000
0.1255
0.0312
0.0024
0.0000
0.1260
0.0298
0.0024
0.0000
0.1255
0.0298
0.0027
0.0000
0.1255
0.0312
0.0024
0.0000
0.1255
0.0312
0.0024
0.0000
0.1250
0.0298
0.0039
0.0000
0.1216
0.0291
0.0039
0.0000
0.1226
0.0312
0.0029
0.0000
0.1223
0.0295
0.0024
0.0000
0.1230
0.0288
0.0039
0.0000
0.1211
0.0291
0.0027
0.0000
0.1216
0.0293
0.0032
0.0000
0.1211
0.0293
0.0024
0.0000
0.1211
0.0286
0.0024
0.0000
0.1211
0.0286
0.0024
0.0000
0.1211
0.0298
0.0034
0.0000
0.1211
0.0288
0.0029
0.0000
0.1211
0.0286
0.0039
0.0000
0.1204
0.0293
0.0029
0.0000
0.1199
0.0283
0.0027
0.0000
0.1204
0.0288
0.0039
0.0000
0.1199
0.0286
0.0027
0.0000
0.1196
0.0283
0.0034
0.0000
0.1201
0.0293
0.0029
0.0000
0.1199
0.0293
0.0039
0.0000
0.1187
0.0283
0.0029
0.0000
0.1182
0.0283
0.0039
0.0000
0.1184
0.0283
0.0024
0.0000
0.1191
0.0283
0.0039
0.0000
0.1187
0.0276
0.0029
0.0000
0.1177
0.0273
0.0027
0.0000
0.1182
0.0283
0.0032
0.0000
0.1172
0.0278
0.0029
0.0000
0.1165
0.0281
0.0039
0.0000
0.1172
0.0273
0.0024
0.0000
0.1167
0.0278
0.0027
0.0000
0.1165
0.0273
0.0024
0.0000
0.1172
0.0281
0.0029
0.0000
0.1162
0.0273
0.0024
0.0000
0.1162
0.0273
0.0032
0.0000
0.1152
0.0273
0.0039
0.0000
0.1155
0.0273
0.0029
0.0000
0.1143
0.0273
0.0024
0.0000
0.1152
0.0273
0.0029
0.0000
0.1133
0.0273
0.0024
0.0000
0.1145
0.0273
0.0039
0.0000
0.1140
0.0273
0.0039
0.0000
0.1138
0.0273
0.0032
0.0000
0.1133
0.0273
0.0027
0.0000
0.1135
0.0273
0.0039
0.0000
0.1133
0.0273
0.0024
0.0000
0.1133
0.0273
0.0024
0.0000
0.1133
0.0273
0.0039
0.0000
0.1118
0.0273
0.0039
0.0000
0.1128
0.0273
0.0024
0.0000
0.1125
0.0273
0.0039
0.0000
0.1123
0.0273
0.0039
0.0000
0.1118
0.0273
0.0039
0.0000
0.1123
0.0273
0.0029
0.0000
0.1104
0.0273
0.0024
0.0000
0.1106
0.0273
0.0039
0.0000
0.1116
0.0266
0.0039
0.0000
0.1111
0.0273
0.0027
0.0000
0.1118
0.0264
0.0024
0.0000
0.1106
0.0269
0.0020
0.0000
0.1101
0.0266
0.0039
0.0000
0.1106
0.0273
0.0032
0.0000
0.1094
0.0261
0.0032
0.0000
0.1094
0.0273
0.0039
0.0000
0.1094
0.0264
0.0032
0.0000
0.1094
0.0273
0.0032
0.0000
0.1094
0.0261
0.0039
0.0000
0.1094
0.0259
0.0024
0.0000
0.1094
0.0264
0.0039
0.0000
0.1094
0.0264
0.0024
0.0000
0.1084
0.0259
0.0024
0.0000
0.1084
0.0259
0.0024
0.0000
0.1082
0.0261
0.0027
0.0000
0.1074
0.0259
0.0039
0.0000
0.1077
0.0256
0.0024
0.0000
0.1079
0.0264
0.0039
0.0000
0.1074
0.0261
0.0032
0.0000
0.1069
0.0261
0.0027
0.0000
0.1060
0.0254
0.0034
0.0000
0.1055
0.0256
0.0039
0.0000
0.1064
0.0259
0.0032
0.0000
0.1060
0.0259
0.0024
0.0000
0.1055
0.0254
0.0039
0.0000
0.1057
0.0249
0.0032
0.0000
0.1055
0.0254
0.0037
0.0000
0.1055
0.0259
0.0039
0.0000
0.1055
0.0254
0.0029
0.0000
0.1055
0.0244
0.0029
0.0000
0.1047
0.0256
0.0024
0.0000
0.1047
0.0259
0.0032
0.0000
0.1042
0.0259
0.0029
0.0000
0.1035
0.0254
0.0039
0.0000
0.1045
0.0254
0.0024
0.0000
0.1042
0.0249
0.0032
0.0000
0.1045
0.0251
0.0024
0.0000
0.1030
0.0242
0.0034
0.0000
0.1045
0.0242
0.0024
0.0000
0.1038
0.0244
0.0029
0.0000
0.1023
0.0254
0.0022
0.0000
0.1030
0.0249
0.0024
0.0000
0.1025
0.0254
0.0024
0.0000
0.1030
0.0249
0.0039
0.0000
0.1025
0.0254
0.0034
0.0000
0.1018
0.0254
0.0039
0.0000
0.1016
0.0249
0.0027
0.0000
0.1016
0.0249
0.0039
0.0000
0.1018
0.0244
0.0024
0.0000
0.1018
0.0239
0.0039
0.0000
0.1016
0.0244
0.0029
0.0000
0.1001
0.0254
0.0024
0.0000
0.1006
0.0244
0.0029
0.0000
0.1003
0.0244
0.0024
0.0000
0.1003
0.0234
0.0015
0.0000
0.0991
0.0239
0.0027
0.0000
0.1001
0.0242
0.0024
0.0000
0.0999
0.0234
0.0022
0.0000
0.0999
0.0237
0.0027
0.0000
0.0989
0.0237
0.0022
0.0000
0.0996
0.0237
0.0029
0.0000
0.0989
0.0247
0.0024
0.0000
0.0981
0.0242
0.0020
0.0000
0.0986
0.0234
0.0022
0.0000
0.0977
0.0237
0.0024
0.0000
0.0977
0.0234
0.0029
0.0000
0.0977
0.0239
0.0027
0.0000
0.0984
0.0237
0.0015
0.0000
0.0979
0.0234
0.0022
0.0000
0.0979
0.0234
0.0020
0.0000
0.0981
0.0234
0.0020
0.0000
0.0977
0.0234
0.0015
0.0000
0.0977
0.0234
0.0020
0.0000
0.0977
0.0237
0.0022
0.0000
0.0967
0.0237
0.0022
0.0000
0.0969
0.0234
0.0015
0.0000
0.0977
0.0234
0.0020
0.0000
0.0969
0.0234
0.0010
0.0000
0.0969
0.0234
0.0015
0.0000
0.0969
0.0234
0.0020
0.0000
0.0959
0.0234
0.0017
0.0000
0.0959
0.0234
0.0007
0.0000
0.0959
0.0234
0.0005
0.0000
0.0967
0.0234
0.0005
0.0000
0.0957
0.0234
0.0020
0.0000
0.0955
0.0234
0.0007
0.0000
0.0957
0.0234
0.0007
0.0000
0.0950
0.0234
0.0005
0.0000
0.0952
0.0234
0.0012
0.0000
0.0947
0.0234
0.0012
0.0000
0.0942
0.0234
0.0010
0.0000
0.0938
0.0234
0.0000
0.0000
0.0945
0.0234
0.0005
0.0000
0.0938
0.0234
0.0002
0.0000
0.0940
0.0225
0.0010
0.0000
0.0938
0.0234
0.0007
0.0000
0.0938
0.0234
0.0000
0.0000
0.0938
0.0225
0.0000
0.0000
0.0938
0.0234
0.0010
0.0000
0.0938
0.0234
0.0010
0.0000
0.0923
0.0225
0.0012
0.0000
0.0938
0.0225
0.0005
0.0000
0.0938
0.0225
0.0010
0.0000
0.0923
0.0234
0.0000
0.0000
0.0913
0.0225
0.0000
0.0000
0.0913
0.0229
0.0000
0.0000
0.0920
0.0220
0.0000
0.0000
0.0920
0.0217
0.0010
0.0000
0.0913
0.0225
0.0010
0.0000
0.0918
0.0222
0.0000
0.0000
0.0916
0.0222
0.0000
0.0000
0.0911
0.0225
0.0010
0.0000
0.0903
0.0220
0.0005
0.0000
0.0908
0.0222
0.0000
0.0000
0.0901
0.0215
0.0000
0.0000
0.0898
0.0220
0.0005
0.0000
0.0903
0.0215
0.0000
0.0000
0.0898
0.0225
0.0005
0.0000
0.0901
0.0217
0.0000
0.0000
0.0898
0.0225
0.0000
0.0000
0.0898
0.0217
0.0000
0.0000
0.0898
0.0215
0.0000
0.0000
0.0898
0.0215
0.0000
0.0000
0.0898
0.0220
0.0000
0.0000
0.0898
0.0215
0.0000
0.0000
0.0898
0.0215
0.0000
0.0000
0.0898
0.0210
0.0000
0.0000
0.0898
0.0217
0.0000
0.0000
0.0894
0.0210
0.0000
0.0000
0.0898
0.0210
0.0000
0.0000
0.0886
0.0220
0.0000
0.0000
0.0884
0.0215
0.0002
0.0000
0.0889
0.0220
0.0000
0.0000
0.0891
0.0215
0.0000
0.0000
0.0884
0.0210
0.0000
0.0000
0.0881
0.0215
0.0000
0.0000
0.0874
0.0215
0.0000
0.0000
0.0869
0.0217
0.0000
0.0000
0.0874
0.0215
0.0000
0.0000
0.0879
0.0215
0.0000
0.0000
0.0884
0.0210
0.0000
0.0000
0.0874
0.0215
0.0000
0.0000
0.0874
0.0210
0.0010
0.0000
0.0864
0.0217
0.0000
0.0000
0.0872
0.0210
0.0010
0.0000
0.0867
0.0215
0.0005
0.0000
0.0854
0.0203
0.0000
0.0000
0.0859
0.0210
0.0000
0.0000
0.0859
0.0208
0.0000
0.0000
0.0859
0.0210
0.0000
0.0000
0.0847
0.0208
0.0000
0.0000
0.0859
0.0205
0.0002
0.0000
0.0850
0.0210
0.0000
0.0000
0.0845
0.0210
0.0000
0.0000
0.0850
0.0215
0.0000
0.0000
0.0850
0.0205
0.0000
0.0000
0.0852
0.0205
0.0000
0.0000
0.0842
0.0210
0.0000
0.0000
0.0845
0.0210
0.0000
0.0000
0.0847
0.0200
0.0000
0.0000
0.0837
0.0200
0.0000
0.0000
0.0845
0.0215
0.0000
0.0000
0.0842
0.0208
0.0000
0.0000
0.0850
0.0200
0.0000
0.0000
0.0830
0.0210
0.0000
0.0000
0.0842
0.0205
0.0000
0.0000
0.0833
0.0198
0.0005
0.0000
0.0833
0.0208
0.0000
0.0000
0.0833
0.0198
0.0000
0.0000
0.0835
0.0203
0.0000
0.0000
0.0830
0.0205
0.0000
0.0000
0.0820
0.0198
0.0000
0.0000
0.0823
0.0205
0.0000
0.0000
0.0833
0.0200
0.0000
0.0000
0.0830
0.0195
0.0000
0.0000
0.0820
0.0205
0.0000
0.0000
0.0823
0.0200
0.0000
0.0000
0.0820
0.0205
0.0000
0.0000
0.0820
0.0200
0.0000
0.0000
0.0823
0.0200
0.0000
0.0000
0.0820
0.0200
0.0000
0.0000
0.0820
0.0198
0.0000
0.0000
0.0820
0.0210
0.0000
0.0000
0.0815
0.0198
0.0000
0.0000
0.0820
0.0208
0.0000
0.0000
0.0820
0.0195
0.0000
0.0000
0.0820
0.0195
0.0000
0.0000
0.0820
0.0195
0.0000
0.0000
0.0820
0.0198
0.0000
0.0000
0.0811
0.0195
0.0000
0.0000
0.0813
0.0198
0.0000
0.0000
0.0815
0.0195
0.0000
0.0000
0.0811
0.0200
0.0000
0.0000
0.0806
0.0200
0.0000
0.0000
0.0793
0.0198
0.0000
0.0000
0.0796
0.0200
0.0000
0.0000
0.0806
0.0200
0.0000
0.0000
0.0791
0.0195
0.0000
0.0000
0.0801
0.0198
0.0000
0.0000
0.0791
0.0195
0.0000
0.0000
0.0803
0.0205
0.0000
0.0000
0.0791
0.0200
0.0000
0.0000
0.0793
0.0198
0.0000
0.0000
0.0781
0.0200
0.0000
0.0000
0.0781
0.0195
0.0000
0.0000
0.0786
0.0195
0.0000
0.0000
0.0791
0.0198
0.0000
0.0000
0.0781
0.0200
0.0000
0.0000
0.0789
0.0195
0.0000
0.0000
0.0784
0.0195
0.0000
0.0000
0.0791
0.0195
0.0000
0.0000
0.0784
0.0195
0.0000
0.0000
0.0784
0.0195
0.0000
0.0000
0.0786
0.0195
0.0000
0.0000
0.0781
0.0195
0.0000
0.0000
0.0786
0.0195
0.0000
0.0000
0.0774
0.0195
0.0000
0.0000
0.0781
0.0195
0.0000
0.0000
0.0781
0.0195
0.0000
0.0000
0.0771
0.0200
0.0000
0.0000
0.0781
0.0200
0.0000
0.0000
0.0774
0.0195
0.0000
0.0000
0.0781
0.0195
0.0000
0.0000
0.0781
0.0195
0.0002
0.0000
0.0771
0.0195
0.0000
0.0000
0.0767
0.0195
0.0000
0.0000
0.0769
0.0195
0.0002
0.0000
0.0762
0.0195
0.0005
0.0000
0.0767
0.0195
0.0000
0.0000
0.0771
0.0198
0.0000
0.0000
0.0762
0.0195
0.0005
0.0000
0.0767
0.0195
0.0000
0.0000
0.0762
0.0195
0.0002
0.0000
0.0752
0.0195
0.0005
0.0000
0.0757
0.0195
0.0000
0.0000
0.0767
0.0195
0.0000
0.0000
0.0762
0.0195
0.0000
0.0000
0.0757
0.0195
0.0010
0.0000
0.0762
0.0195
0.0005
0.0000
0.0750
0.0195
0.0002
0.0000
0.0747
0.0195
0.0010
0.0000
0.0747
0.0195
0.0000
0.0000
0.0745
0.0195
0.0010
0.0000
0.0752
0.0195
0.0010
0.0000
0.0750
0.0195
0.0010
0.0000
0.0742
0.0195
0.0000
0.0000
0.0747
0.0195
0.0002
0.0000
0.0742
0.0195
0.0002
0.0000
0.0745
0.0195
0.0015
0.0000
0.0742
0.0195
0.0002
0.0000
0.0735
0.0195
0.0002
0.0000
0.0742
0.0195
0.0002
0.0000
0.0742
0.0195
0.0010
0.0000
0.0742
0.0195
0.0012
0.0000
0.0742
0.0195
0.0005
0.0000
0.0742
0.0195
0.0015
0.0000
0.0737
0.0195
0.0015
0.0000
0.0742
0.0195
0.0020
0.0000
0.0740
0.0195
0.0012
0.0000
0.0742
0.0195
0.0024
0.0000
0.0735
0.0195
0.0022
0.0000
0.0728
0.0195
0.0007
0.0000
0.0732
0.0195
0.0020
0.0000
0.0732
0.0190
0.0015
0.0000
0.0732
0.0195
0.0012
0.0000
0.0742
0.0195
0.0010
0.0000
0.0732
0.0195
0.0007
0.0000
0.0720
0.0195
0.0012
0.0000
0.0732
0.0195
0.0024
0.0000
0.0732
0.0195
0.0012
0.0000
0.0732
0.0195
0.0020
0.0000
0.0725
0.0195
0.0020
0.0000
0.0725
0.0195
0.0012
0.0000
0.0725
0.0195
0.0020
0.0000
0.0723
0.0195
0.0012
0.0000
0.0730
0.0195
0.0017
0.0000
0.0723
0.0195
0.0017
0.0000
0.0725
0.0186
0.0020
0.0000
0.0720
0.0195
0.0005
0.0000
0.0723
0.0193
0.0010
0.0000
0.0723
0.0195
0.0020
0.0000
0.0708
0.0195
0.0022
0.0000
0.0710
0.0195
0.0022
0.0000
0.0723
0.0195
0.0029
0.0000
0.0715
0.0195
0.0012
0.0000
0.0713
0.0195
0.0010
0.0000
0.0713
0.0195
0.0012
0.0000
0.0713
0.0195
0.0010
0.0000
0.0715
0.0195
0.0005
0.0000
0.0708
0.0195
0.0010
0.0000
0.0706
0.0195
0.0010
0.0000
0.0708
0.0195
0.0007
0.0000
0.0713
0.0195
0.0020
0.0000
0.0710
0.0188
0.0005
0.0000
0.0703
0.0190
0.0012
0.0000
0.0706
0.0195
0.0005
0.0000
0.0703
0.0195
0.0020
0.0000
0.0691
0.0186
0.0012
0.0000
0.0703
0.0186
0.0015
0.0000
0.0703
0.0188
0.0017
0.0000
0.0703
0.0190
0.0020
0.0000
0.0706
0.0195
0.0012
0.0000
0.0703
0.0183
0.0020
0.0000
0.0696
0.0195
0.0010
0.0000
0.0693
0.0195
0.0015
0.0000
0.0703
0.0195
0.0005
0.0000
0.0684
0.0188
0.0007
0.0000
0.0703
0.0186
0.0010
0.0000
0.0686
0.0195
0.0012
0.0000
0.0696
0.0195
0.0005
0.0000
0.0686
0.0190
0.0012
0.0000
0.0688
0.0195
0.0010
0.0000
0.0684
0.0195
0.0005
0.0000
0.0684
0.0186
0.0005
0.0000
0.0688
0.0195
0.0002
0.0000
0.0688
0.0186
0.0015
0.0000
0.0688
0.0183
0.0000
0.0000
0.0681
0.0186
0.0022
0.0000
0.0671
0.0181
0.0012
0.0000
0.0679
0.0188
0.0020
0.0000
0.0684
0.0188
0.0005
0.0000
0.0681
0.0186
0.0000
0.0000
0.0684
0.0186
0.0010
0.0000
0.0679
0.0178
0.0000
0.0000
0.0671
0.0181
0.0010
0.0000
0.0679
0.0190
0.0002
0.0000
0.0679
0.0186
0.0007
0.0000
0.0669
0.0195
0.0002
0.0000
0.0664
0.0186
0.0010
0.0000
0.0684
0.0183
0.0020
0.0000
0.0671
0.0181
0.0005
0.0000
0.0676
0.0195
0.0010
0.0000
0.0671
0.0176
0.0000
0.0000
0.0664
0.0190
0.0015
0.0000
0.0674
0.0188
0.0000
0.0000
0.0667
0.0181
0.0005
0.0000
0.0669
0.0183
0.0020
0.0000
0.0664
0.0190
0.0007
0.0000
0.0664
0.0183
0.0012
0.0000
0.0664
0.0186
0.0005
0.0000
0.0667
0.0176
0.0010
0.0000
0.0664
0.0186
0.0005
0.0000
0.0664
0.0183
0.0005
0.0000
0.0664
0.0188
0.0005
0.0000
0.0664
0.0186
0.0010
0.0000
0.0664
0.0181
0.0010
0.0000
0.0664
0.0186
0.0002
0.0000
0.0664
0.0176
0.0012
0.0000
0.0664
0.0190
0.0005
0.0000
0.0664
0.0195
0.0010
0.0000
0.0664
0.0190
0.0000
0.0000
0.0664
0.0181
0.0017
0.0000
0.0664
0.0195
0.0007
0.0000
0.0664
0.0188
0.0010
0.0000
0.0664
0.0188
0.0015
0.0000
0.0664
0.0181
0.0020
0.0000
0.0652
0.0178
0.0005
0.0000
0.0664
0.0188
0.0005
0.0000
0.0657
0.0183
0.0020
0.0000
0.0657
0.0188
0.0005
0.0000
0.0664
0.0186
0.0012
0.0000
0.0664
0.0183
0.0005
0.0000
0.0664
0.0178
0.0020
0.0000
0.0652
0.0186
0.0024
0.0000
0.0640
0.0188
0.0020
0.0000
0.0654
0.0183
0.0010
0.0000
0.0652
0.0186
0.0020
0.0000
0.0649
0.0181
0.0015
0.0000
0.0649
0.0178
0.0015
0.0000
0.0649
0.0183
0.0005
0.0000
0.0640
0.0183
0.0017
0.0000
0.0647
0.0181
0.0022
0.0000
0.0654
0.0186
0.0015
0.0000
0.0637
0.0186
0.0005
0.0000
0.0635
0.0178
0.0015
0.0000
0.0649
0.0181
0.0015
0.0000
0.0640
0.0181
0.0024
0.0000
0.0647
0.0181
0.0020
0.0000
0.0640
0.0178
0.0022
0.0000
0.0647
0.0181
0.0024
0.0000
0.0640
0.0186
0.0020
0.0000
0.0640
0.0178
0.0024
0.0000
0.0640
0.0195
0.0020
0.0000
0.0627
0.0181
0.0022
0.0000
0.0625
0.0178
0.0024
0.0000
0.0635
0.0178
0.0020
0.0000
0.0645
0.0176
0.0020
0.0000
0.0640
0.0188
0.0024
0.0000
0.0630
0.0186
0.0020
0.0000
0.0635
0.0181
0.0015
0.0000
0.0632
0.0181
0.0007
0.0000
0.0630
0.0181
0.0015
0.0000
0.0630
0.0178
0.0020
0.0000
0.0635
0.0178
0.0022
0.0000
0.0637
0.0181
0.0029
0.0000
0.0627
0.0186
0.0024
0.0000
0.0627
0.0176
0.0020
0.0000
0.0630
0.0181
0.0020
0.0000
0.0627
0.0181
0.0024
0.0000
0.0635
0.0186
0.0022
0.0000
0.0627
0.0178
0.0020
0.0000
0.0625
0.0181
0.0020
0.0000
0.0625
0.0181
0.0029
0.0000
0.0625
0.0181
0.0020
0.0000
0.0625
0.0176
0.0020
0.0000
0.0625
0.0178
0.0022
0.0000
0.0625
0.0181
0.0020
0.0000
0.0625
0.0183
0.0020
0.0000
0.0625
0.0186
0.0010
0.0000
0.0625
0.0186
0.0015
0.0000
0.0625
0.0188
0.0020
0.0000
0.0625
0.0186
0.0020
0.0000
0.0625
0.0181
0.0020
0.0000
0.0625
0.0176
0.0007
0.0000
0.0625
0.0181
0.0012
0.0000
0.0625
0.0181
0.0005
0.0000
0.0625
0.0178
0.0002
0.0000
0.0625
0.0181
0.0017
0.0000
0.0625
0.0178
0.0007
0.0000
0.0610
0.0178
0.0005
0.0000
0.0625
0.0186
0.0012
0.0000
0.0605
0.0178
0.0005
0.0000
0.0625
0.0181
0.0015
0.0000
0.0625
0.0171
0.0020
0.0000
0.0605
0.0181
0.0010
0.0000
0.0608
0.0186
0.0005
0.0000
0.0613
0.0178
0.0000
0.0000
0.0610
0.0181
0.0010
0.0000
0.0596
0.0181
0.0000
0.0000
0.0608
0.0176
0.0000
0.0000
0.0598
0.0183
0.0010
0.0000
0.0608
0.0181
0.0010
0.0000
0.0601
0.0181
0.0005
0.0000
0.0625
0.0176
0.0005
0.0000
0.0596
0.0166
0.0000
0.0000
0.0598
0.0178
0.0010
0.0000
0.0598
0.0181
0.0000
0.0000
0.0601
0.0178
0.0000
0.0000
0.0598
0.0181
0.0000
0.0000
0.0610
0.0186
0.0000
0.0000
0.0591
0.0181
0.0000
0.0000
0.0598
0.0168
0.0000
0.0000
0.0593
0.0176
0.0000
0.0000
0.0605
0.0171
0.0000
0.0000
0.0591
0.0176
0.0000
0.0000
0.0601
0.0186
0.0000
0.0000
0.0588
0.0181
0.0000
0.0000
0.0596
0.0178
0.0000
0.0000
0.0596
0.0171
0.0000
0.0000
0.0591
0.0181
0.0000
0.0000
0.0591
0.0176
0.0000
0.0000
0.0586
0.0178
0.0000
0.0000
0.0591
0.0181
0.0000
0.0000
0.0586
0.0178
0.0000
0.0000
0.0588
0.0178
0.0000
0.0000
0.0596
0.0171
0.0000
0.0000
0.0591
0.0171
0.0000
0.0000
0.0586
0.0178
0.0000
0.0000
0.0586
0.0176
0.0000
0.0000
0.0593
0.0178
0.0000
0.0000
0.0586
0.0178
0.0000
0.0000
0.0586
0.0181
0.0000
0.0000
0.0593
0.0171
0.0000
0.0000
0.0586
0.0176
0.0000
0.0000
0.0588
0.0181
0.0000
0.0000
0.0588
0.0178
0.0000
0.0000
0.0586
0.0176
0.0000
0.0000
0.0586
0.0178
0.0000
0.0000
0.0586
0.0171
0.0000
0.0000
0.0586
0.0181
0.0000
0.0000
0.0586
0.0181
0.0000
0.0000
0.0586
0.0178
0.0000
0.0000
0.0586
0.0181
0.0000
0.0000
0.0586
0.0178
0.0000
0.0000
0.0586
0.0178
0.0000
0.0000
0.0576
0.0176
0.0000
0.0000
0.0586
0.0186
0.0000
0.0000
0.0586
0.0171
0.0000
0.0000
0.0586
0.0171
0.0000
0.0000
0.0586
0.0178
0.0000
0.0000
0.0586
0.0168
0.0000
0.0000
0.0586
0.0181
0.0000
0.0000
0.0586
0.0176
0.0000
0.0000
0.0586
0.0176
0.0000
0.0000
0.0586
0.0176
0.0000
0.0000
0.0586
0.0176
0.0000
0.0000
0.0579
0.0176
0.0000
0.0000
0.0579
0.0176
0.0000
0.0000
0.0586
0.0176
